163 15 40 164 104
76 104 164 15 163 128 94 170 114 4
157 9 139 141 112 127 196 169 147
164 118 144 115 65 152 104 96 154 112
33 168 69 165 22 65 144 115 110 63 114 15 1 164
184 183 49 208 167 162 14 123 215 19 22 33
201 62 85 42 206 31 159 157 162
71 208 62
157 59 113 139 3 53 208
61 195 120 156 13 214 35 217 3
81 198 191
137 142 130 45 179
10 156 124 129 214 130
123 6 162 28 68 30
163 114 40 1
172 208 53 83 163 1 104 128 94 170 114 164 4
54 173 186 172
209 156 92 37 190 204 94 44 212 186 211 54 174
175 188 22 69 121 159 106 148 156
182 153 193 79 98 189 69 22 5 33 114 119 106 148
85 51
19 188 5 165 69 33 176
45 63 19 5 33
59 157 47 56 155 113
76 158 43 186 75 216 88
60 74 138 102 126 140
129 209
30 14 77 162 210
192 84 72 221 210
107 68 28 14 77
146 70 159 7 206
73 47 87 81 198 220 222 7
5 168 22
136 181 90 140 41 19 22 5
36 217 10 214 129
35 217 145
18 92 82 169 190
144 118 164 151 189 190 18
78 215 167 172 154 171
15 114 193 153 164 1
34 140 114
206 147 157 7
25 88 192 226 223 101 207 186 216
54 186 212 105 94 170 83
23 63 110 115 130 12 179 212 94 186 211 17 54 174
103 99 161 149 63
85 51 73 87 157 32 198 56 24 103 110 99 149 156 124 129
132 122 143 74
6 183 71 208
116
168 176 85 21 47
70 146 206 21
208 16 83
174 173 17 186 44 170 199 75 208 16 8
135 112 174 94 44 212 186 211 17
24 155 191 198 47
109
116 179 93 71
9 157 24 113
74 26 9
10 217 145
201 133 166 85 7
23 45 110 99 85
111 194 99 4 144 115 110
130 142 96 4 115
141 139 113 218 152
93 179 137 170
89 123 14 30 107 170
19 22 165 5 168 185 166 121
131 95 150 159 31 146 52 206 193 166
8 208 49 183 91 197 178 100 213
107 77 84 29 91
160 87 47
132 48 143 138 26 60 140 90 181
76 25 186 204 173 54 174 90 180 134 143 132 136 114
2 158 25 75 174 199
210 84 72 107 30 28
202 210 215 39 172
189 171 20 98 203 182
226 221 84 210 202 98
32 198 11
92 169 37
94 105 212 172 16 53 44 37
29 72 77 210 80 221
7 62 166 176 51 21 47 157
178 197 194 111 157 176
160 73 32 47 220 222 194
192 43 25 216 158
213 183 184 123 68 107
34 181 74 140
213 197 71 140
156 161 177 203 98 169 82 37 18 197
67 179 58
108 170 44 105 83
131 150 70 105 15 163 1 104 128 170 44 212 186 211 17 54 174
142 128 152 65 4 104
164 153 151 142
203 79 20 193 206 169 92
63 110 177 161 46 169
71 178 109 46 110 149 156 124 129
43 226 202 207
126 175 138 26
46 149 156 195
117 128 152 4 164 1 96 224 195
44 94 83 224 15 163 1 128 170
114 119 125 148 19 159 44
89 68 30 77 72 114 119 148 19
128 142 137 170 94
57 100 178 94 137
63 45 115 154 205 177 99
64 194 86 63 99 4 144 115 46 149 156 124 129
55 141 3 127
9 59 24 155 191 225 66 139 218 55
41 140 119 106 159 150 193 40 15 163
130 65 4 154 110 45 119 15 132 180 134 143 74 136 1 164 106 148 19
58 179 50 4 144 110 63
128 104 128
4 164 38 144
114 140 125 106 126
195 156 10 148 114 106 19
159 19 69 166 201
143 48 132
89 184 14 68 6
13 156 209 129
126 148 119 106 110 99 46 149 156 129
140 125 148 102 175 26 119
190 196 3 112
104 108 142 96 117 152 224 196
35 214 13 124 209 27 108 15 163 1 104 94 170
45 12 142 65 115 110 99 46 149 156 124
193 150 95 70 45
143 122 48 74
201 62 74 180 134 143 136 114
180 143
55 143 180 132 74 136 114
181 34
67 108 142 12 179 170 180 134 143 132 74 114
74 26 102 175 188 67
3 9 113 66 141
41 34 90 74 26 126 119 114
112 3 139 66 140 114
137 108 128 96 65 130 12
180 134 132 48 74 108 12
4 118 38 154 189 132 180 134 74 136 114
61 217 36 4 115 110 63
52 70 31 206
169 206 42 157 3 31
125 126 175 19 106
103 46 161 156 19 114 119 106
193 114 159 70 95 131 46 110 99 156 124 129
97 153 182 189 38 164
104 4 96 128
97 164 40 193 20 182 151 96
115 110 205 203 189 144 38 4
113 24 56 191 205 110 115
120 195 103 149 161 92 18 209 124 13 10
147 42 85 47 24 59 9 3 7 149 209 161 110 99 46 124 129
76 25 88 192 59
150 114 106 19 121 201 7 31 70
87 73
46 99 177 156 149 92 87
28 14 6 215 210 167 156
1 15 114 28
4 104 1 40 153 97 151 38 118 15 128 94 170
22 5 69 38 4 114 15 1
121 69 185 85 62 201 176
215 6 208 172 39 162 85
33 5 69 185 176 51 6
190 37 82 92 98 206 147 3 196
199 54 44 94 108 67 137 82 206
189 79 15 163 1 104 128 94
200 202 78 39 167 208 16 83 212 79
75 204 186 17 54
199 76 75 54
102 138 188 19 148 126 199 94 44 212 186 211 17 54
85 166 185 168 51
161 99 110 205 203 92 168 85
86 197 71 100 109 187 161
116 58 93 67 137 12 45
134 143
74 90 34 136 134 143 132 114
151 153 20 189 79
89 213 71 49 184 6
183 6 123 89
166 69 168 176
17 54 44 212 211 207 43 25 75 204 173
178 17 94 44 212 211 54 174
138 175 19 22
154 38 151 182 203 171 79
18 37 169 196 127
155 113 56 198 11 225 127
158 88 43 29 223 221 29
20 153 40 114 150 131 206 98 70
64 111 86
103 156 120 10
190 169 3 127 10
86 178 71 91 213 3
11 191 56 47 32 81 86 213
174 76 54 170
207 202 172 212 76
7 159 121 166 62 133
172 200 207 101 226 80 210 78
205 154 189 79 98 92 177
75 173 186
177 110 154 203 173
98 193 169 70 52 146 31 7 42 147 177
186 43 101 202 200 212 211 146
49 71 8 53 16 172 167 6
27 124 129 156 18 219 8 167 53
80 84 77 28 162 215 78 202 27
186 207 212
211 207 200 172 83 44 186 94 212 17 54 174
197 91 71 183 89 211 94 44 186 17 54 174
35 129 13 10
210 162 6 167 39 78
43 88 25
61 10 35 36 145
225 113 66
209
87 32 222
29 84 80 226 223 192
87 32 220
192 43 226 221
128 104
191 113 218 128
80 202 101 43 223 221
